0 0.621621621622
1 0.324324324324
2 0.540540540541
3 0.27027027027
4 0.648648648649
5 0.648648648649
6 0.621621621622
7 0.567567567568
8 0.621621621622
9 0.675675675676
10 0.675675675676
11 0.594594594595
12 0.594594594595
13 0.567567567568
14 0.621621621622
15 0.540540540541
16 0.567567567568
17 0.594594594595
18 0.594594594595
19 0.459459459459
20 0.513513513514
21 0.513513513514
22 0.72972972973
23 0.594594594595
24 0.72972972973
25 0.648648648649
26 0.675675675676
27 0.648648648649
28 0.702702702703